320202446
320202427
323827142
319087558
323833441
324397810
319187072
327216300
318309987
318310665
323836283
322177895
322179712
324399285
322180138
324555565
322181747
319186434
320375362
322188750
323837727
319019018
320384419
319018666
319035867
319040607
319085346
319087067
320406924
320407203
327425728
319158544
319043039
321406621
323458356
318708771
327863679
319086581
318720283
319046173
247775574
312831669
312831785
318726924
323883418
319086806
327851367
321599915
321802894
321595897
318736701
318736719
323887630
322120623
321375395
323415549
327249885
312495917
312495913
313879395
313879398
312501266
321394615
314199804
325214038
322396918
320442275
321597033
322433816
322433867
319088684
322438139
322437550
319018595
327867181
327867097
327867276
324410861
327867310
327867069
327867585
299765278
299534587
320728252
320733118
320733373
319084691
320742491
320155783
323464402
319085185
319085432
319086776
319087062
319087134
319086925
319087105
319087114
303544794
321690386
321588514
319089192
321401191
322666904
322455761
323887622
320183183
319071452
321300631
322604411
322604389
322604384
322604439
322612699
322615828
322617256
324395613
322658222
324396425
324398693
324399646
322662830
322663004
322661304
320734033
318718066
322663992
248238842
322668670
316596931
319157634
319158379
319158676
303959512
312687514
321285727
321326411
321331952
312880545
321352621
319187157
321355238
321357549
319187418
321357828
319187430
319187479
321358308
321374461
321374063
321379419
320731954
321373158
322668612
299274320
299361294
299507027
312596055
312596319
299523691
327604192
327558141
327580414
320741111
318574198
299759736
299750380
319207487
323467550
323467643
317838363
318726097
327543700
319541142
319187421
318076510
322155806
327544988
319044070
322154943
317832845
304153436
312892356
300311489
300332918
323439078
300471419
321390948
300488247
321393050
83279645
321396078
321397964
319748499
319187174
321401341
327866145
306067038
306067293
307469188
327867577
327646207
300794704
319557396
300806319
300806322
319560811
327580148
327579821
319560566
319560613
327646801
312668149
317565552
327543941
317565517
321786162
300924068
300965877
300982982
318770221
319086136
327841751
327841505
327841760
319086016
299748601
320442086
319087064
319087075
321400246
323459057
327851159
300794705
299546344
319730008
319739066
321544743
321544696
319765530
319762737
247776289
312269515
302352382
321281036
302385767
320743512
321588547
320733622
326815292
316845069
305719461
319089002
321591188
326815580
322451786
321591336
321591487
319086570
321594171
321594256
321598390
319186347
327621790
299752075
319086794
321592708
325224359
320152200
320152567
319159704
326812792
323467391
303880985
300521494
300764138
304149513
321690407
321666760
321666692
321690387
321679991
321690503
321691277
321691296
321691402
321691420
321691530
321691160
321692460
321693668
321691936
321786128
321813861
321826511
299292045
321844054
305214393
305262240
305263171
306989704
305507117
319045444
319089179
322604391
321399918
327865747
326815612
321693944
316486300
321393729
312399249
321398062
321691206
307678888
319085351
312399150
321367419
319399054
323835560
321385997
319086790
321583852
321381279
303910774
303935923
324407852
306338271
324408564
327865173
306835778
321344042
321393728
321393215
321581147
319085339
322437120
322439274
322443698
326814625
326816031
326825630
327863848
327864312
299715758
314199795
307150092
300494632
300765360
327626589
307223231
326973126
307284258
327543448
327543945
327544247
327544082
327544289
327543950
327544128
327544293
327544139
327544323
327544348
327544473
327544634
327544658
327544681
327544640
327544665
327544723
327544683
327544715
327544725
327544717
327544707
327544702
327544755
327544758
327546197
322145779
318808483
300979244
327562681
327562609
327572855
318720492
312598130
327863768
313090223
320749333
313101058
327582698
103496487
82691882
5646070
318444536
321693639
327864196
319088911
319088952
307699447
307699451
307727854
327610804
321828800
321841506
319732249
324354857
327621200
319761426
312273337
316882212
319086814
316885333
327628715
327629969
308309211
319087086
318726565
308800119
309110556
322660362
314646266
324411265
309981063
310019379
324600103
327866154
319018659
322433813
324425542
327226321
327580948
323460752
82959125
319018604
319018608
319018619
319086144
299541417
324608486
313078958
319186774
299524610
319186746
319186541
319186583
319186483
319186575
319186358
327864396
323462538
321134930
321587503
312410105
312410225
312494584
312495940
316690988
312596061
312596078
312596331
319066961
327866631
314203606
319071567
312671364
312679188
319071446
321400730
312681377
312687296
312687530
321693622
311984649
312291315
319045433
305262208
323417984
323463058
316692489
327866128
322181909
312687522
319018661
327866293
313099523
313090220
313090241
313099135
313100920
313100995
313101211
313103749
313103859
313358475
313358587
313358718
313365388
313365399
313465924
313468805
316692245
324599828
313746889
313884582
313884626
313884931
322406158
314060843
314060847
327647278
314198942
314201359
314201394
314203983
314204001
314207253
327646397
312683469
314643634
321405176
308808631
314991641
313446405
318316979
324547048
315319930
315830481
327841756
316139570
316089074
316141656
327842160
319087061
327841952
327841959
327841845
327841881
322186701
316466782
316382469
316382656
316429088
316429094
316481197
316488463
316577822
316578154
316584503
316590021
316590107
316592837
316593081
316692581
316888304
316896799
316904204
316881870
316881858
316881884
316882131
316884306
316884948
322433588
314199793
317364149
317376407
317574328
317833937
317833939
317838102
317838187
317840361
317840440
317840451
317840453
317840455
317840459
317840463
317840467
319730387
318572210
318720440
318721735
318726573
318727177
318727276
318730581
318734810
318801967
319067120
319067351
319071547
319084648
319084864
319084877
319085234
319085333
319085472
319086017
319087499
319087953
319089164
319043609
319156044
319158262
319158479
319158461
319186211
319186375
319186763
319186808
319186853
319187127
319187379
319086312
247776107
103855465
248238862
45279670
82957120
248238785
70610904
70610927
5775603
29731114
5168634
319089077
321324847
327863789
322146887
319040897
319040958
325385044
299274637
316867409
321826674
321593294
327866746
314786826
327629976
319181591
321395824
327866822
319087870
323824657
319158271
316471514
319182767
327866971
327543462
327544033
323836748
321589342
327841761
327863900
322742589
316590023
327867592
312279094
318084304
324410765
327867228
327867412
327867332
327867574
327867586
327842078
323345111
312869831
319085094
319402281
322188421
322428756
319086564
321396856
320733528
320732388
321399610
321398055
321561511
326815035
321366783
320733183
320192644
327865990
310390981
321392188
321592287
300485534
300493469
319086793
319088716
300982972
315024597
305265916
321693952
312410106
319087038
304149379
305682263
319088304
319086551
5559217
5775665
232386286
70545046
70611549
5646146
103632077
247774744
5168649
81553295
248238839
247772787
247778515
248238786
248238846
248238788
248238840
248238855
81589795
81589727
82683799
325880000
305254915
305262257
305264453
305282569
305506934
305531758
305673927
305696710
305709585
305718845
305873065
305877682
305968133
305972456
306069665
306799965
306989771
306991329
307148501
307150239
307470389
313275324
308486353
308576809
309143484
309536573
328003394
328004741
328004758
328005829
313356136
133888540
328007047
328007124
313365226
313365136
313365304
313365418
313365458
313365969
328008967
328009446
328010305
328010128
312400993
312401002
312401105
326070609
312456463
312495928
312500990
312831283
313421449
324408234
70506165
313365253
313371317
82682076
313446859
313447347
313446949
313447048
313447453
313445767
82690552
313448588
313446291
313423055
313446907
313449257
313460016
313447011
313461340
313461055
313461053
313461072
313459893
313462045
313462110
313468726
83279010
313749120
326342646
314639382
314646316
315447679
313543095
313543272
313543389
315860119
316381818
316382568
316593308
316593339
316690654
316835146
316867276
317134233
317571217
317605617
317831886
317836681
317836686
317838481
317840401
317840445
317840447
326363423
313587782
318552626
70539700
103613196
313608865
313635223
324341784
313609968
313601735
313693283
313693238
313695017
313695097
313695129
313695150
321384652
321385433
308286776
322662286
320733098
323462623
320742274
299492226
313727784
313730974
313739507
313746853
313754580
313760593
313718546
313746945
313752524
313845133
313855461
313866051
313865928
313871541
313872634
313879378
313879303
313883012
313881760
313879402
313883553
313888505
313600290
314037621
314041825
314044921
314053362
314052920
314051415
314053578
314053587
314056572
314060851
314062962
314065814
314175084
314175454
314178298
314179009
314196998
314201676
314201692
314204764
314201771
314203474
314207227
314204211
314203639
314205611
314209855
314066215
314629825
314629754
314646874
314648256
314754896
314786953
314786859
314793406
314800823
314814537
314815206
314823431
314987245
314997810
314997273
314997916
315006410
315028606
315010254
315282580
315300401
315301214
315303635
315303622
315307519
315309574
315319943
299292173
299293181
299358941
315433371
315433537
315447571
315447428
315449507
315489512
315489511
315489513
315489514
315489515
315489518
315489627
299496434
299482690
315525795
299534307
299535495
299534332
299533943
315615840
315622557
315786674
299693245
299704473
299737547
299742987
299748839
299748152
299755298
299750362
299753742
299764686
299765242
299765276
299765421
315873274
300300745
315893871
300310720
300336404
300336341
300344397
300347309
300353662
300359748
294521535
316079367
316122292
316139631
316147662
300461918
300462168
300471496
300471259
300485425
300524174
300521571
316382093
300649444
300653444
300769109
300793098
316429102
316428969
316429089
316429099
316429092
316429096
313365378
316432181
316432184
316432183
300806168
300806198
316465970
316471740
316471964
300818243
300819305
300819414
316485668
316486401
316486717
300822001
300822355
300829327
300829283
316489622
300837557
316493839
300835933
300836318
316505095
316489692
316467041
316466359
316466362
316572396
316587227
316588199
316589966
316588293
316590020
316590155
316591026
316593330
316591787
316593336
316595023
316595003
316595005
316596582
316596849
316598519
316596485
316596908
300931737
316627966
300960142
316663718
316663907
316671892
316685874
316686799
316690655
300979241
300979243
316691019
316690943
316691076
316691038
316691483
316691975
316692374
316692484
316671921
316690761
316691028
316801598
316833696
316833969
316861017
316885984
316881878
316900810
294523133
316887038
316871371
81577331
248238892
317131073
317130676
300353782
316881642
314199892
309123229
323418144
327866039
312406013
316485678
317164237
5646058
25971863
317165068
319068982
319089484
316590950
319088757
316881845
317175044
317175100
317178176
317179934
317181232
317154427
316872768
317187153
316882207
317191291
317329805
317348355
317339802
317348373
317367240
317369665
317376339
317370296
317370758
317370939
317382873
317131322
317130745
317131048
317527093
317570340
317570313
317571420
317568162
317566778
317567022
317568197
317568288
317568238
317568306
317573532
317629440
317632562
317632635
317620011
317631494
317605106
317810060
317840435
317840470
317836065
317838167
317836046
317840356
317840387
317833638
317833673
317838289
317836605
317831890
317830682
317831602
317831593
317811903
317884870
317884952
317885344
317885457
317893642
317924118
302292692
302294268
302290509
302291355
302310985
302343485
302342351
81589562
302375206
302385470
317928779
317928943
317929140
317931373
317932232
317933316
317932254
317930427
302364409
302994254
302994397
302994290
302993952
302994082
302997108
303022353
303035140
303052782
303061952
303522461
303523322
303528886
303529387
303542832
303550157
303553763
303558066
290127070
318024767
303883284
303887873
303892775
303896484
303940465
303935468
303935540
303937115
303939518
303946950
303947636
303947941
303948247
303948004
303948252
303949809
303950870
303955377
303955207
303957010
303984687
303985442
303927217
303958771
303981425
304121042
304120654
251386566
304124598
304147866
304143752
304147657
304146843
304147967
304149367
304149506
304151216
304151720
304151980
304151728
304154541
304155598
304155628
304157942
304160472
304160508
304160342
318039201
318065199
318069194
304146726
304510341
304510475
304551942
318076581
5158425
5110061
5168642
5528933
5646169
5528920
26097585
5775663
26418953
5775599
70539780
45487457
70536773
70610899
70610900
83286831
82956993
103631318
103957060
136925161
247632581
247665897
247666426
247774705
248238763
248238766
248238833
248238834
249051171
248238894
248605053
318076550
318084009
304555962
318084449
304559691
318086595
318087688
318083102
318084105
316595022
318222346
304923622
304926869
304961372
304962357
304962712
304997014
305013347
305193289
305234811
305235340
305252193
305252792
305254799
305263081
305263135
305263474
305272218
305273224
305275434
305277602
305282507
305278478
305282571
305284351
305284349
318286117
318257338
305263237
318291717
318292081
318293908
318293876
318293119
318293720
318300128
318293929
305473221
305479598
305506902
318307756
305507034
318293019
305526654
305527286
305527347
318293759
318293177
318293546
305537620
318311703
305540623
318312488
318305182
305549522
305549509
305554425
305552043
318313674
318316509
305536671
305674137
305671738
305672610
305672481
305681793
305695089
305701755
305694633
305696615
305696755
305701809
305702107
305702887
305703415
305703558
305703556
305704754
12635288
24450168
305716324
305711600
305719341
305711276
305719700
305723230
305723269
305725307
305719559
305719721
305858649
305851772
305853094
305881413
305874596
305874608
305874677
305875925
305875985
305876524
305885574
305882389
305939510
305952980
305948789
305966236
305968150
305968138
318428555
318444406
318444402
306045590
318444715
306044701
318445884
318445628
318447956
306078889
318448123
318448804
318440972
306067308
306067331
306067492
306067314
306068299
306067332
306067487
306103700
306124576
306126603
306131684
306130671
306131647
318453380
318459047
318461608
305545663
318546530
318552160
318552288
318552459
306341772
306338077
318569273
318569272
306350589
306350590
318572544
318572899
318572765
318574124
318570992
306364667
318571580
318572122
318571703
318572178
318571738
318574207
318574373
318577944
318577314
318579960
318580379
318585126
318585114
318585145
318583294
306766844
306843729
306840896
306991677
306988638
306988699
306989843
306990125
306990259
307008167
307008303
307014125
307018215
307022406
318589961
307011258
307148516
307148549
307148574
307140584
307140592
307167510
307167513
307167690
307167440
307167501
307167703
307162333
307162575
307162633
307168007
307167986
307168311
307167998
307163629
307163640
307163630
307168187
307164133
307168583
307169745
307170586
307169716
307172370
307173501
307162224
307163577
307223385
307223621
307234447
307234475
307265823
307264496
307265799
307265732
307265796
307265805
307265785
307265891
307265899
307267449
307271714
307271715
307272300
307275007
307296193
307305548
307399830
307418304
307419208
307444816
307444371
307450860
307461744
307466064
307469196
307469228
307470181
307485001
307713187
307697885
307704657
307704912
307706724
307702202
307699956
307699697
307699710
307699714
307705750
307702444
307704503
307711832
307712421
307712236
307716306
307725535
307726054
307726313
307726555
307727514
307727859
307702376
307699428
307900719
307900720
307900729
307900731
307900732
307945906
307948446
308119940
308120482
307716445
308274360
308274358
308274371
308297613
308297584
307701974
308309090
308308917
308309217
308309423
308312356
308313518
308313548
308315263
308323121
308306222
308458543
308458468
308475338
308479414
308478880
308478881
308479567
308478913
308479333
308479578
308479602
308485725
308482132
308584033
308580346
308586289
308755107
308755093
308757042
308809108
308804266
308808580
309040575
309097799
309109321
309121989
309141388
309142986
309155363
309161158
309180532
309181049
309323936
309358658
309377761
309384904
309384951
309385112
309387081
309392707
309391321
309400327
309400316
309400312
309505991
309515839
309539659
309540020
309539939
309539122
309540778
309542645
309543018
309543328
309543245
309550546
309549687
309542873
309542978
310007814
310007363
310009679
310009748
310014531
310014575
310011226
310014931
310016989
310017539
310021323
310089325
309529348
310108247
310108248
310140033
310140533
310318903
310338299
310338567
310367497
310375043
310382197
310392152
307701754
310390443
306359163
310548315
310550423
310550215
310550211
310550963
310564201
310607588
310608414
310609070
310626808
306067596
311972570
311971915
311990988
311990963
311991722
311991596
311992233
311999538
311999607
312010829
312004692
312009928
311985190
312201250
312205369
312205736
312205709
312209137
312212414
312245974
312246255
312269359
312273792
312273912
312274589
312277641
312288609
312289907
312278460
312279920
312284824
312291206
312284261
312284890
312291367
312291317
312291378
312291773
312206367
312381798
312396107
312396116
312398222
5168631
5168632
5168637
5158415
5775611
5646047
5168647
94076081
83278993
70541215
5775670
5646108
5646170
5646231
70544982
5168601
5168620
5646084
5775606
5775609
26369257
70526857
5646212
12635282
74337906
5775610
5168593
82303212
86596990
70544159
5168643
232329341
